{
 "cells": [
  {
   "cell_type": "code",
   "execution_count": 36,
   "metadata": {},
   "outputs": [],
   "source": [
    "import pandas as pd\n",
    "import numpy as np\n",
    "from sklearn.linear_model import LinearRegression\n",
    "from sklearn import metrics\n",
    "import plotly.express as px\n",
    "import plotly.figure_factory as ff"
   ]
  },
  {
   "cell_type": "code",
   "execution_count": 37,
   "metadata": {},
   "outputs": [],
   "source": [
    "def load_dataset():\n",
    "\treturn pd.read_csv(\"boston.csv\")\n",
    "boston_dataframe = load_dataset()\n"
   ]
  },
  {
   "cell_type": "code",
   "execution_count": 38,
   "metadata": {},
   "outputs": [
    {
     "name": "stdout",
     "output_type": "stream",
     "text": [
      "Dataset dimension:\n",
      "(506, 14)\n",
      "First 10 rows of dataset: \n",
      "   CRIM   ZN  INDUS  CHAS   NOX    RM  AGE    DIS  RAD   TAX  PTRATIO      B  LSTAT  MDEV\n",
      "0.00632 18.0   2.31   0.0 0.538 6.575 65.2 4.0900  1.0 296.0     15.3 396.90   4.98  24.0\n",
      "0.02731  0.0   7.07   0.0 0.469 6.421 78.9 4.9671  2.0 242.0     17.8 396.90   9.14  21.6\n",
      "0.02729  0.0   7.07   0.0 0.469 7.185 61.1 4.9671  2.0 242.0     17.8 392.83   4.03  34.7\n",
      "0.03237  0.0   2.18   0.0 0.458 6.998 45.8 6.0622  3.0 222.0     18.7 394.63   2.94  33.4\n",
      "0.06905  0.0   2.18   0.0 0.458 7.147 54.2 6.0622  3.0 222.0     18.7 396.90   5.33  36.2\n",
      "Statistical summary: \n",
      "      CRIM         ZN      INDUS       CHAS        NOX         RM        AGE        DIS        RAD        TAX    PTRATIO          B      LSTAT       MDEV\n",
      "506.000000 506.000000 506.000000 506.000000 506.000000 506.000000 506.000000 506.000000 506.000000 506.000000 506.000000 506.000000 506.000000 506.000000\n",
      "  3.593761  11.363636  11.136779   0.069170   0.554695   6.284634  68.574901   3.795043   9.549407 408.237154  18.455534 356.674032  12.653063  22.532806\n",
      "  8.596783  23.322453   6.860353   0.253994   0.115878   0.702617  28.148861   2.105710   8.707259 168.537116   2.164946  91.294864   7.141062   9.197104\n",
      "  0.006320   0.000000   0.460000   0.000000   0.385000   3.561000   2.900000   1.129600   1.000000 187.000000  12.600000   0.320000   1.730000   5.000000\n",
      "  0.082045   0.000000   5.190000   0.000000   0.449000   5.885500  45.025000   2.100175   4.000000 279.000000  17.400000 375.377500   6.950000  17.025000\n",
      "  0.256510   0.000000   9.690000   0.000000   0.538000   6.208500  77.500000   3.207450   5.000000 330.000000  19.050000 391.440000  11.360000  21.200000\n",
      "  3.647423  12.500000  18.100000   0.000000   0.624000   6.623500  94.075000   5.188425  24.000000 666.000000  20.200000 396.225000  16.955000  25.000000\n",
      " 88.976200 100.000000  27.740000   1.000000   0.871000   8.780000 100.000000  12.126500  24.000000 711.000000  22.000000 396.900000  37.970000  50.000000\n",
      "<class 'pandas.core.frame.DataFrame'>\n",
      "RangeIndex: 506 entries, 0 to 505\n",
      "Data columns (total 14 columns):\n",
      " #   Column   Non-Null Count  Dtype  \n",
      "---  ------   --------------  -----  \n",
      " 0   CRIM     506 non-null    float64\n",
      " 1   ZN       506 non-null    float64\n",
      " 2   INDUS    506 non-null    float64\n",
      " 3   CHAS     506 non-null    float64\n",
      " 4   NOX      506 non-null    float64\n",
      " 5   RM       506 non-null    float64\n",
      " 6   AGE      506 non-null    float64\n",
      " 7   DIS      506 non-null    float64\n",
      " 8   RAD      506 non-null    float64\n",
      " 9   TAX      506 non-null    float64\n",
      " 10  PTRATIO  506 non-null    float64\n",
      " 11  B        506 non-null    float64\n",
      " 12  LSTAT    506 non-null    float64\n",
      " 13  MDEV     506 non-null    float64\n",
      "dtypes: float64(14)\n",
      "memory usage: 55.5 KB\n",
      "None\n"
     ]
    }
   ],
   "source": [
    "def print_summarize_dataset(dataset):\n",
    "    print(\"Dataset dimension:\")\n",
    "    print(dataset.shape)\n",
    "    print(\"First 10 rows of dataset: \")\n",
    "    print(dataset.head().to_string(index=False))\n",
    "    print(\"Statistical summary: \")\n",
    "    print(dataset.describe().to_string(index=False))\n",
    "    print(dataset.info())\n",
    "\n",
    "print_summarize_dataset(boston_dataframe)\n"
   ]
  },
  {
   "cell_type": "code",
   "execution_count": 39,
   "metadata": {},
   "outputs": [],
   "source": [
    "def clean_dataset(boston_dataframe):\n",
    "    boston_dataframe[\"ZN\"] = boston_dataframe[\"ZN\"].astype(int)\n",
    "    boston_dataframe[\"CHAS\"] = boston_dataframe[\"CHAS\"].astype(int)\n",
    "    boston_dataframe[\"AGE\"] = boston_dataframe[\"AGE\"].astype(int)\n",
    "    boston_dataframe[\"RM\"] = round(boston_dataframe[\"RM\"]).astype(int)\n",
    "    boston_dataframe[\"RAD\"] = boston_dataframe[\"RAD\"].astype(int)\n",
    "    boston_dataframe[\"TAX\"] = boston_dataframe[\"TAX\"].astype(int)\n",
    "    boston_dataframe[\"PTRATIO\"] = round(boston_dataframe[\"PTRATIO\"]).astype(int)\n",
    "    boston_dataframe[\"B\"] = round(boston_dataframe[\"B\"]).astype(int)\n",
    "    boston_dataframe[\"MDEV\"] = round(boston_dataframe[\"MDEV\"]).astype(int)\n",
    "clean = clean_dataset(boston_dataframe)\n",
    "\n"
   ]
  },
  {
   "cell_type": "code",
   "execution_count": 40,
   "metadata": {},
   "outputs": [
    {
     "data": {
      "application/vnd.plotly.v1+json": {
       "config": {
        "plotlyServerURL": "https://plot.ly"
       },
       "data": [
        {
         "coloraxis": "coloraxis",
         "hovertemplate": "x: %{x}<br>y: %{y}<br>color: %{z}<extra></extra>",
         "name": "0",
         "texttemplate": "%{z}",
         "type": "heatmap",
         "x": [
          "CRIM",
          "ZN",
          "INDUS",
          "CHAS",
          "NOX",
          "RM",
          "AGE",
          "DIS",
          "RAD",
          "TAX",
          "PTRATIO",
          "B",
          "LSTAT",
          "MDEV"
         ],
         "xaxis": "x",
         "y": [
          "CRIM",
          "ZN",
          "INDUS",
          "CHAS",
          "NOX",
          "RM",
          "AGE",
          "DIS",
          "RAD",
          "TAX",
          "PTRATIO",
          "B",
          "LSTAT",
          "MDEV"
         ],
         "yaxis": "y",
         "z": [
          [
           1,
           -0.1992831340725713,
           0.40447069716226036,
           -0.05529525790924036,
           0.41752143110500034,
           -0.20337014167762793,
           0.35180718416759116,
           -0.37790360219969465,
           0.6220289089402998,
           0.5795642796504396,
           0.2692005134590095,
           -0.37742481722273574,
           0.4522202765343162,
           -0.3866715365710819
          ],
          [
           -0.1992831340725713,
           1,
           -0.533582898474124,
           -0.04253337190728262,
           -0.5163097674725313,
           0.32160806702685807,
           -0.5696130167975674,
           0.6638446841957225,
           -0.31171244646699314,
           -0.31433809173778987,
           -0.3883242176253327,
           0.17540927603206685,
           -0.41319525406862684,
           0.3580825135149263
          ],
          [
           0.40447069716226036,
           -0.533582898474124,
           1,
           0.06293802748966515,
           0.7636514469209139,
           -0.4065281734832289,
           0.6446715667652554,
           -0.7080269887427675,
           0.5951292746038485,
           0.7207601799515422,
           0.36751498097115376,
           -0.357118011263006,
           0.603799716476621,
           -0.4831681132749746
          ],
          [
           -0.05529525790924036,
           -0.04253337190728262,
           0.06293802748966515,
           1,
           0.09120280684249558,
           0.0925315751107237,
           0.08611772668494788,
           -0.09917578017472799,
           -0.00736824088607757,
           -0.03558651758591146,
           -0.11552412573275234,
           0.04853878119824168,
           -0.05392929837569424,
           0.17586269827167553
          ],
          [
           0.41752143110500034,
           -0.5163097674725313,
           0.7636514469209139,
           0.09120280684249558,
           1,
           -0.3122598589096073,
           0.7315508954872368,
           -0.7692301132258282,
           0.6114405634855762,
           0.6680232004030217,
           0.17016002917941941,
           -0.3800761809976563,
           0.5908789208808451,
           -0.424820620048737
          ],
          [
           -0.20337014167762793,
           0.32160806702685807,
           -0.4065281734832289,
           0.0925315751107237,
           -0.3122598589096073,
           1,
           -0.24715504630166882,
           0.21101948419454664,
           -0.21911462036870183,
           -0.3072000079510457,
           -0.3581573654263879,
           0.11326082278948567,
           -0.5902961583934383,
           0.6754365495996161
          ],
          [
           0.35180718416759116,
           -0.5696130167975674,
           0.6446715667652554,
           0.08611772668494788,
           0.7315508954872368,
           -0.24715504630166882,
           1,
           -0.7476484504052058,
           0.4564750246228382,
           0.5067161575094159,
           0.24480124741846138,
           -0.27385898899403377,
           0.6030375027354448,
           -0.37589178953847235
          ],
          [
           -0.37790360219969465,
           0.6638446841957225,
           -0.7080269887427675,
           -0.09917578017472799,
           -0.7692301132258282,
           0.21101948419454664,
           -0.7476484504052058,
           1,
           -0.4945879296720758,
           -0.5344315844084577,
           -0.21349448041514915,
           0.2915781815212685,
           -0.4969958308636848,
           0.24884427227079886
          ],
          [
           0.6220289089402998,
           -0.31171244646699314,
           0.5951292746038485,
           -0.00736824088607757,
           0.6114405634855762,
           -0.21911462036870183,
           0.4564750246228382,
           -0.4945879296720758,
           1,
           0.9102281885331865,
           0.43100915575599863,
           -0.44440511404989674,
           0.4886763349750666,
           -0.38036803275213826
          ],
          [
           0.5795642796504396,
           -0.31433809173778987,
           0.7207601799515422,
           -0.03558651758591146,
           0.6680232004030217,
           -0.3072000079510457,
           0.5067161575094159,
           -0.5344315844084577,
           0.9102281885331865,
           1,
           0.4331699128390002,
           -0.44180338179114087,
           0.5439934120015698,
           -0.46715111149851196
          ],
          [
           0.2692005134590095,
           -0.3883242176253327,
           0.36751498097115376,
           -0.11552412573275234,
           0.17016002917941941,
           -0.3581573654263879,
           0.24480124741846138,
           -0.21349448041514915,
           0.43100915575599863,
           0.4331699128390002,
           1,
           -0.16755499227012582,
           0.3628667389675646,
           -0.5045513315236088
          ],
          [
           -0.37742481722273574,
           0.17540927603206685,
           -0.357118011263006,
           0.04853878119824168,
           -0.3800761809976563,
           0.11326082278948567,
           -0.27385898899403377,
           0.2915781815212685,
           -0.44440511404989674,
           -0.44180338179114087,
           -0.16755499227012582,
           1,
           -0.3660854909762769,
           0.33193714907147265
          ],
          [
           0.4522202765343162,
           -0.41319525406862684,
           0.603799716476621,
           -0.05392929837569424,
           0.5908789208808451,
           -0.5902961583934383,
           0.6030375027354448,
           -0.4969958308636848,
           0.4886763349750666,
           0.5439934120015698,
           0.3628667389675646,
           -0.3660854909762769,
           1,
           -0.7381759995896112
          ],
          [
           -0.3866715365710819,
           0.3580825135149263,
           -0.4831681132749746,
           0.17586269827167553,
           -0.424820620048737,
           0.6754365495996161,
           -0.37589178953847235,
           0.24884427227079886,
           -0.38036803275213826,
           -0.46715111149851196,
           -0.5045513315236088,
           0.33193714907147265,
           -0.7381759995896112,
           1
          ]
         ]
        }
       ],
       "layout": {
        "coloraxis": {
         "colorscale": [
          [
           0,
           "#0d0887"
          ],
          [
           0.1111111111111111,
           "#46039f"
          ],
          [
           0.2222222222222222,
           "#7201a8"
          ],
          [
           0.3333333333333333,
           "#9c179e"
          ],
          [
           0.4444444444444444,
           "#bd3786"
          ],
          [
           0.5555555555555556,
           "#d8576b"
          ],
          [
           0.6666666666666666,
           "#ed7953"
          ],
          [
           0.7777777777777778,
           "#fb9f3a"
          ],
          [
           0.8888888888888888,
           "#fdca26"
          ],
          [
           1,
           "#f0f921"
          ]
         ]
        },
        "height": 950,
        "template": {
         "data": {
          "bar": [
           {
            "error_x": {
             "color": "#2a3f5f"
            },
            "error_y": {
             "color": "#2a3f5f"
            },
            "marker": {
             "line": {
              "color": "#E5ECF6",
              "width": 0.5
             },
             "pattern": {
              "fillmode": "overlay",
              "size": 10,
              "solidity": 0.2
             }
            },
            "type": "bar"
           }
          ],
          "barpolar": [
           {
            "marker": {
             "line": {
              "color": "#E5ECF6",
              "width": 0.5
             },
             "pattern": {
              "fillmode": "overlay",
              "size": 10,
              "solidity": 0.2
             }
            },
            "type": "barpolar"
           }
          ],
          "carpet": [
           {
            "aaxis": {
             "endlinecolor": "#2a3f5f",
             "gridcolor": "white",
             "linecolor": "white",
             "minorgridcolor": "white",
             "startlinecolor": "#2a3f5f"
            },
            "baxis": {
             "endlinecolor": "#2a3f5f",
             "gridcolor": "white",
             "linecolor": "white",
             "minorgridcolor": "white",
             "startlinecolor": "#2a3f5f"
            },
            "type": "carpet"
           }
          ],
          "choropleth": [
           {
            "colorbar": {
             "outlinewidth": 0,
             "ticks": ""
            },
            "type": "choropleth"
           }
          ],
          "contour": [
           {
            "colorbar": {
             "outlinewidth": 0,
             "ticks": ""
            },
            "colorscale": [
             [
              0,
              "#0d0887"
             ],
             [
              0.1111111111111111,
              "#46039f"
             ],
             [
              0.2222222222222222,
              "#7201a8"
             ],
             [
              0.3333333333333333,
              "#9c179e"
             ],
             [
              0.4444444444444444,
              "#bd3786"
             ],
             [
              0.5555555555555556,
              "#d8576b"
             ],
             [
              0.6666666666666666,
              "#ed7953"
             ],
             [
              0.7777777777777778,
              "#fb9f3a"
             ],
             [
              0.8888888888888888,
              "#fdca26"
             ],
             [
              1,
              "#f0f921"
             ]
            ],
            "type": "contour"
           }
          ],
          "contourcarpet": [
           {
            "colorbar": {
             "outlinewidth": 0,
             "ticks": ""
            },
            "type": "contourcarpet"
           }
          ],
          "heatmap": [
           {
            "colorbar": {
             "outlinewidth": 0,
             "ticks": ""
            },
            "colorscale": [
             [
              0,
              "#0d0887"
             ],
             [
              0.1111111111111111,
              "#46039f"
             ],
             [
              0.2222222222222222,
              "#7201a8"
             ],
             [
              0.3333333333333333,
              "#9c179e"
             ],
             [
              0.4444444444444444,
              "#bd3786"
             ],
             [
              0.5555555555555556,
              "#d8576b"
             ],
             [
              0.6666666666666666,
              "#ed7953"
             ],
             [
              0.7777777777777778,
              "#fb9f3a"
             ],
             [
              0.8888888888888888,
              "#fdca26"
             ],
             [
              1,
              "#f0f921"
             ]
            ],
            "type": "heatmap"
           }
          ],
          "heatmapgl": [
           {
            "colorbar": {
             "outlinewidth": 0,
             "ticks": ""
            },
            "colorscale": [
             [
              0,
              "#0d0887"
             ],
             [
              0.1111111111111111,
              "#46039f"
             ],
             [
              0.2222222222222222,
              "#7201a8"
             ],
             [
              0.3333333333333333,
              "#9c179e"
             ],
             [
              0.4444444444444444,
              "#bd3786"
             ],
             [
              0.5555555555555556,
              "#d8576b"
             ],
             [
              0.6666666666666666,
              "#ed7953"
             ],
             [
              0.7777777777777778,
              "#fb9f3a"
             ],
             [
              0.8888888888888888,
              "#fdca26"
             ],
             [
              1,
              "#f0f921"
             ]
            ],
            "type": "heatmapgl"
           }
          ],
          "histogram": [
           {
            "marker": {
             "pattern": {
              "fillmode": "overlay",
              "size": 10,
              "solidity": 0.2
             }
            },
            "type": "histogram"
           }
          ],
          "histogram2d": [
           {
            "colorbar": {
             "outlinewidth": 0,
             "ticks": ""
            },
            "colorscale": [
             [
              0,
              "#0d0887"
             ],
             [
              0.1111111111111111,
              "#46039f"
             ],
             [
              0.2222222222222222,
              "#7201a8"
             ],
             [
              0.3333333333333333,
              "#9c179e"
             ],
             [
              0.4444444444444444,
              "#bd3786"
             ],
             [
              0.5555555555555556,
              "#d8576b"
             ],
             [
              0.6666666666666666,
              "#ed7953"
             ],
             [
              0.7777777777777778,
              "#fb9f3a"
             ],
             [
              0.8888888888888888,
              "#fdca26"
             ],
             [
              1,
              "#f0f921"
             ]
            ],
            "type": "histogram2d"
           }
          ],
          "histogram2dcontour": [
           {
            "colorbar": {
             "outlinewidth": 0,
             "ticks": ""
            },
            "colorscale": [
             [
              0,
              "#0d0887"
             ],
             [
              0.1111111111111111,
              "#46039f"
             ],
             [
              0.2222222222222222,
              "#7201a8"
             ],
             [
              0.3333333333333333,
              "#9c179e"
             ],
             [
              0.4444444444444444,
              "#bd3786"
             ],
             [
              0.5555555555555556,
              "#d8576b"
             ],
             [
              0.6666666666666666,
              "#ed7953"
             ],
             [
              0.7777777777777778,
              "#fb9f3a"
             ],
             [
              0.8888888888888888,
              "#fdca26"
             ],
             [
              1,
              "#f0f921"
             ]
            ],
            "type": "histogram2dcontour"
           }
          ],
          "mesh3d": [
           {
            "colorbar": {
             "outlinewidth": 0,
             "ticks": ""
            },
            "type": "mesh3d"
           }
          ],
          "parcoords": [
           {
            "line": {
             "colorbar": {
              "outlinewidth": 0,
              "ticks": ""
             }
            },
            "type": "parcoords"
           }
          ],
          "pie": [
           {
            "automargin": true,
            "type": "pie"
           }
          ],
          "scatter": [
           {
            "fillpattern": {
             "fillmode": "overlay",
             "size": 10,
             "solidity": 0.2
            },
            "type": "scatter"
           }
          ],
          "scatter3d": [
           {
            "line": {
             "colorbar": {
              "outlinewidth": 0,
              "ticks": ""
             }
            },
            "marker": {
             "colorbar": {
              "outlinewidth": 0,
              "ticks": ""
             }
            },
            "type": "scatter3d"
           }
          ],
          "scattercarpet": [
           {
            "marker": {
             "colorbar": {
              "outlinewidth": 0,
              "ticks": ""
             }
            },
            "type": "scattercarpet"
           }
          ],
          "scattergeo": [
           {
            "marker": {
             "colorbar": {
              "outlinewidth": 0,
              "ticks": ""
             }
            },
            "type": "scattergeo"
           }
          ],
          "scattergl": [
           {
            "marker": {
             "colorbar": {
              "outlinewidth": 0,
              "ticks": ""
             }
            },
            "type": "scattergl"
           }
          ],
          "scattermapbox": [
           {
            "marker": {
             "colorbar": {
              "outlinewidth": 0,
              "ticks": ""
             }
            },
            "type": "scattermapbox"
           }
          ],
          "scatterpolar": [
           {
            "marker": {
             "colorbar": {
              "outlinewidth": 0,
              "ticks": ""
             }
            },
            "type": "scatterpolar"
           }
          ],
          "scatterpolargl": [
           {
            "marker": {
             "colorbar": {
              "outlinewidth": 0,
              "ticks": ""
             }
            },
            "type": "scatterpolargl"
           }
          ],
          "scatterternary": [
           {
            "marker": {
             "colorbar": {
              "outlinewidth": 0,
              "ticks": ""
             }
            },
            "type": "scatterternary"
           }
          ],
          "surface": [
           {
            "colorbar": {
             "outlinewidth": 0,
             "ticks": ""
            },
            "colorscale": [
             [
              0,
              "#0d0887"
             ],
             [
              0.1111111111111111,
              "#46039f"
             ],
             [
              0.2222222222222222,
              "#7201a8"
             ],
             [
              0.3333333333333333,
              "#9c179e"
             ],
             [
              0.4444444444444444,
              "#bd3786"
             ],
             [
              0.5555555555555556,
              "#d8576b"
             ],
             [
              0.6666666666666666,
              "#ed7953"
             ],
             [
              0.7777777777777778,
              "#fb9f3a"
             ],
             [
              0.8888888888888888,
              "#fdca26"
             ],
             [
              1,
              "#f0f921"
             ]
            ],
            "type": "surface"
           }
          ],
          "table": [
           {
            "cells": {
             "fill": {
              "color": "#EBF0F8"
             },
             "line": {
              "color": "white"
             }
            },
            "header": {
             "fill": {
              "color": "#C8D4E3"
             },
             "line": {
              "color": "white"
             }
            },
            "type": "table"
           }
          ]
         },
         "layout": {
          "annotationdefaults": {
           "arrowcolor": "#2a3f5f",
           "arrowhead": 0,
           "arrowwidth": 1
          },
          "autotypenumbers": "strict",
          "coloraxis": {
           "colorbar": {
            "outlinewidth": 0,
            "ticks": ""
           }
          },
          "colorscale": {
           "diverging": [
            [
             0,
             "#8e0152"
            ],
            [
             0.1,
             "#c51b7d"
            ],
            [
             0.2,
             "#de77ae"
            ],
            [
             0.3,
             "#f1b6da"
            ],
            [
             0.4,
             "#fde0ef"
            ],
            [
             0.5,
             "#f7f7f7"
            ],
            [
             0.6,
             "#e6f5d0"
            ],
            [
             0.7,
             "#b8e186"
            ],
            [
             0.8,
             "#7fbc41"
            ],
            [
             0.9,
             "#4d9221"
            ],
            [
             1,
             "#276419"
            ]
           ],
           "sequential": [
            [
             0,
             "#0d0887"
            ],
            [
             0.1111111111111111,
             "#46039f"
            ],
            [
             0.2222222222222222,
             "#7201a8"
            ],
            [
             0.3333333333333333,
             "#9c179e"
            ],
            [
             0.4444444444444444,
             "#bd3786"
            ],
            [
             0.5555555555555556,
             "#d8576b"
            ],
            [
             0.6666666666666666,
             "#ed7953"
            ],
            [
             0.7777777777777778,
             "#fb9f3a"
            ],
            [
             0.8888888888888888,
             "#fdca26"
            ],
            [
             1,
             "#f0f921"
            ]
           ],
           "sequentialminus": [
            [
             0,
             "#0d0887"
            ],
            [
             0.1111111111111111,
             "#46039f"
            ],
            [
             0.2222222222222222,
             "#7201a8"
            ],
            [
             0.3333333333333333,
             "#9c179e"
            ],
            [
             0.4444444444444444,
             "#bd3786"
            ],
            [
             0.5555555555555556,
             "#d8576b"
            ],
            [
             0.6666666666666666,
             "#ed7953"
            ],
            [
             0.7777777777777778,
             "#fb9f3a"
            ],
            [
             0.8888888888888888,
             "#fdca26"
            ],
            [
             1,
             "#f0f921"
            ]
           ]
          },
          "colorway": [
           "#636efa",
           "#EF553B",
           "#00cc96",
           "#ab63fa",
           "#FFA15A",
           "#19d3f3",
           "#FF6692",
           "#B6E880",
           "#FF97FF",
           "#FECB52"
          ],
          "font": {
           "color": "#2a3f5f"
          },
          "geo": {
           "bgcolor": "white",
           "lakecolor": "white",
           "landcolor": "#E5ECF6",
           "showlakes": true,
           "showland": true,
           "subunitcolor": "white"
          },
          "hoverlabel": {
           "align": "left"
          },
          "hovermode": "closest",
          "mapbox": {
           "style": "light"
          },
          "paper_bgcolor": "white",
          "plot_bgcolor": "#E5ECF6",
          "polar": {
           "angularaxis": {
            "gridcolor": "white",
            "linecolor": "white",
            "ticks": ""
           },
           "bgcolor": "#E5ECF6",
           "radialaxis": {
            "gridcolor": "white",
            "linecolor": "white",
            "ticks": ""
           }
          },
          "scene": {
           "xaxis": {
            "backgroundcolor": "#E5ECF6",
            "gridcolor": "white",
            "gridwidth": 2,
            "linecolor": "white",
            "showbackground": true,
            "ticks": "",
            "zerolinecolor": "white"
           },
           "yaxis": {
            "backgroundcolor": "#E5ECF6",
            "gridcolor": "white",
            "gridwidth": 2,
            "linecolor": "white",
            "showbackground": true,
            "ticks": "",
            "zerolinecolor": "white"
           },
           "zaxis": {
            "backgroundcolor": "#E5ECF6",
            "gridcolor": "white",
            "gridwidth": 2,
            "linecolor": "white",
            "showbackground": true,
            "ticks": "",
            "zerolinecolor": "white"
           }
          },
          "shapedefaults": {
           "line": {
            "color": "#2a3f5f"
           }
          },
          "ternary": {
           "aaxis": {
            "gridcolor": "white",
            "linecolor": "white",
            "ticks": ""
           },
           "baxis": {
            "gridcolor": "white",
            "linecolor": "white",
            "ticks": ""
           },
           "bgcolor": "#E5ECF6",
           "caxis": {
            "gridcolor": "white",
            "linecolor": "white",
            "ticks": ""
           }
          },
          "title": {
           "x": 0.05
          },
          "xaxis": {
           "automargin": true,
           "gridcolor": "white",
           "linecolor": "white",
           "ticks": "",
           "title": {
            "standoff": 15
           },
           "zerolinecolor": "white",
           "zerolinewidth": 2
          },
          "yaxis": {
           "automargin": true,
           "gridcolor": "white",
           "linecolor": "white",
           "ticks": "",
           "title": {
            "standoff": 15
           },
           "zerolinecolor": "white",
           "zerolinewidth": 2
          }
         }
        },
        "title": {
         "text": "Correlation"
        },
        "width": 1500,
        "xaxis": {
         "anchor": "y",
         "constrain": "domain",
         "domain": [
          0,
          1
         ],
         "scaleanchor": "y"
        },
        "yaxis": {
         "anchor": "x",
         "autorange": "reversed",
         "constrain": "domain",
         "domain": [
          0,
          1
         ]
        }
       }
      }
     },
     "metadata": {},
     "output_type": "display_data"
    }
   ],
   "source": [
    "cor = boston_dataframe.corr()\n",
    "cor = px.imshow(cor, title=\"Correlation\",\n",
    "                text_auto=True, width=1500, height=950)\n",
    "cor.show()\n"
   ]
  },
  {
   "cell_type": "code",
   "execution_count": 41,
   "metadata": {},
   "outputs": [
    {
     "data": {
      "application/vnd.plotly.v1+json": {
       "config": {
        "plotlyServerURL": "https://plot.ly"
       },
       "data": [
        {
         "alignmentgroup": "True",
         "bingroup": "x",
         "histfunc": "sum",
         "hovertemplate": "CRIM=%{x}<br>sum of RAD=%{y}<extra></extra>",
         "legendgroup": "",
         "marker": {
          "color": "#636efa",
          "pattern": {
           "shape": ""
          }
         },
         "name": "",
         "offsetgroup": "",
         "orientation": "v",
         "showlegend": false,
         "texttemplate": "%{value}",
         "type": "histogram",
         "x": [
          0.00632,
          0.02731,
          0.02729,
          0.03237,
          0.06905,
          0.02985,
          0.08829,
          0.14455,
          0.21124,
          0.17004,
          0.22489,
          0.11747,
          0.09378,
          0.62976,
          0.63796,
          0.62739,
          1.05393,
          0.7842,
          0.80271,
          0.7258,
          1.25179,
          0.85204,
          1.23247,
          0.98843,
          0.75026,
          0.84054,
          0.67191,
          0.95577,
          0.77299,
          1.00245,
          1.13081,
          1.35472,
          1.38799,
          1.15172,
          1.61282,
          0.06417,
          0.09744,
          0.08014,
          0.17505,
          0.02763,
          0.03359,
          0.12744,
          0.1415,
          0.15936,
          0.12269,
          0.17142,
          0.18836,
          0.22927,
          0.25387,
          0.21977,
          0.08873,
          0.04337,
          0.0536,
          0.04981,
          0.0136,
          0.01311,
          0.02055,
          0.01432,
          0.15445,
          0.10328,
          0.14932,
          0.17171,
          0.11027,
          0.1265,
          0.01951,
          0.03584,
          0.04379,
          0.05789,
          0.13554,
          0.12816,
          0.08826,
          0.15876,
          0.09164,
          0.19539,
          0.07896,
          0.09512,
          0.10153,
          0.08707,
          0.05646,
          0.08387,
          0.04113,
          0.04462,
          0.03659,
          0.03551,
          0.05059,
          0.05735,
          0.05188,
          0.07151,
          0.0566,
          0.05302,
          0.04684,
          0.03932,
          0.04203,
          0.02875,
          0.04294,
          0.12204,
          0.11504,
          0.12083,
          0.08187,
          0.0686,
          0.14866,
          0.11432,
          0.22876,
          0.21161,
          0.1396,
          0.13262,
          0.1712,
          0.13117,
          0.12802,
          0.26363,
          0.10793,
          0.10084,
          0.12329,
          0.22212,
          0.14231,
          0.17134,
          0.13158,
          0.15098,
          0.13058,
          0.14476,
          0.06899,
          0.07165,
          0.09299,
          0.15038,
          0.09849,
          0.16902,
          0.38735,
          0.25915,
          0.32543,
          0.88125,
          0.34006,
          1.19294,
          0.59005,
          0.32982,
          0.97617,
          0.55778,
          0.32264,
          0.35233,
          0.2498,
          0.54452,
          0.2909,
          1.62864,
          3.32105,
          4.0974,
          2.77974,
          2.37934,
          2.15505,
          2.36862,
          2.33099,
          2.73397,
          1.6566,
          1.49632,
          1.12658,
          2.14918,
          1.41385,
          3.53501,
          2.44668,
          1.22358,
          1.34284,
          1.42502,
          1.27346,
          1.46336,
          1.83377,
          1.51902,
          2.24236,
          2.924,
          2.01019,
          1.80028,
          2.3004,
          2.44953,
          1.20742,
          2.3139,
          0.13914,
          0.09178,
          0.08447,
          0.06664,
          0.07022,
          0.05425,
          0.06642,
          0.0578,
          0.06588,
          0.06888,
          0.09103,
          0.10008,
          0.08308,
          0.06047,
          0.05602,
          0.07875,
          0.12579,
          0.0837,
          0.09068,
          0.06911,
          0.08664,
          0.02187,
          0.01439,
          0.01381,
          0.04011,
          0.04666,
          0.03768,
          0.0315,
          0.01778,
          0.03445,
          0.02177,
          0.0351,
          0.02009,
          0.13642,
          0.22969,
          0.25199,
          0.13587,
          0.43571,
          0.17446,
          0.37578,
          0.21719,
          0.14052,
          0.28955,
          0.19802,
          0.0456,
          0.07013,
          0.11069,
          0.11425,
          0.35809,
          0.40771,
          0.62356,
          0.6147,
          0.31533,
          0.52693,
          0.38214,
          0.41238,
          0.29819,
          0.44178,
          0.537,
          0.46296,
          0.57529,
          0.33147,
          0.44791,
          0.33045,
          0.52058,
          0.51183,
          0.08244,
          0.09252,
          0.11329,
          0.10612,
          0.1029,
          0.12757,
          0.20608,
          0.19133,
          0.33983,
          0.19657,
          0.16439,
          0.19073,
          0.1403,
          0.21409,
          0.08221,
          0.36894,
          0.04819,
          0.03548,
          0.01538,
          0.61154,
          0.66351,
          0.65665,
          0.54011,
          0.53412,
          0.52014,
          0.82526,
          0.55007,
          0.76162,
          0.7857,
          0.57834,
          0.5405,
          0.09065,
          0.29916,
          0.16211,
          0.1146,
          0.22188,
          0.05644,
          0.09604,
          0.10469,
          0.06127,
          0.07978,
          0.21038,
          0.03578,
          0.03705,
          0.06129,
          0.01501,
          0.00906,
          0.01096,
          0.01965,
          0.03871,
          0.0459,
          0.04297,
          0.03502,
          0.07886,
          0.03615,
          0.08265,
          0.08199,
          0.12932,
          0.05372,
          0.14103,
          0.06466,
          0.05561,
          0.04417,
          0.03537,
          0.09266,
          0.1,
          0.05515,
          0.05479,
          0.07503,
          0.04932,
          0.49298,
          0.3494,
          2.63548,
          0.79041,
          0.26169,
          0.26938,
          0.3692,
          0.25356,
          0.31827,
          0.24522,
          0.40202,
          0.47547,
          0.1676,
          0.18159,
          0.35114,
          0.28392,
          0.34109,
          0.19186,
          0.30347,
          0.24103,
          0.06617,
          0.06724,
          0.04544,
          0.05023,
          0.03466,
          0.05083,
          0.03738,
          0.03961,
          0.03427,
          0.03041,
          0.03306,
          0.05497,
          0.06151,
          0.01301,
          0.02498,
          0.02543,
          0.03049,
          0.03113,
          0.06162,
          0.0187,
          0.01501,
          0.02899,
          0.06211,
          0.0795,
          0.07244,
          0.01709,
          0.04301,
          0.10659,
          8.98296,
          3.8497,
          5.20177,
          4.26131,
